2c2
< | 0000000000000000 | 1111111111111111 | 1 | 0 | 1 | 0 | 1 | 0 | 0000000000000000 | 0 | 0 |
---
> | 0000000000000000 | 1111111111111111 | 1 | 0 | 1 | 0 | 1 | 0 | 0000000000000000 | 1 | 0 |
4,9c4,9
< | 0000000000000000 | 1111111111111111 | 1 | 1 | 1 | 0 | 1 | 0 | 1111111111111111 | 0 | 0 |
< | 0000000000000000 | 1111111111111111 | 0 | 0 | 1 | 1 | 0 | 0 | 0000000000000000 | 0 | 0 |
< | 0000000000000000 | 1111111111111111 | 1 | 1 | 0 | 0 | 0 | 0 | 1111111111111111 | 0 | 0 |
< | 0000000000000000 | 1111111111111111 | 0 | 0 | 1 | 1 | 0 | 1 | 1111111111111111 | 0 | 0 |
< | 0000000000000000 | 1111111111111111 | 1 | 1 | 0 | 0 | 0 | 1 | 0000000000000000 | 0 | 0 |
< | 0000000000000000 | 1111111111111111 | 0 | 0 | 1 | 1 | 1 | 1 | 0000000000000000 | 0 | 0 |
---
> | 0000000000000000 | 1111111111111111 | 1 | 1 | 1 | 0 | 1 | 0 | 1111111111111111 | 0 | 1 |
> | 0000000000000000 | 1111111111111111 | 0 | 0 | 1 | 1 | 0 | 0 | 0000000000000000 | 1 | 0 |
> | 0000000000000000 | 1111111111111111 | 1 | 1 | 0 | 0 | 0 | 0 | 1111111111111111 | 0 | 1 |
> | 0000000000000000 | 1111111111111111 | 0 | 0 | 1 | 1 | 0 | 1 | 1111111111111111 | 0 | 1 |
> | 0000000000000000 | 1111111111111111 | 1 | 1 | 0 | 0 | 0 | 1 | 0000000000000000 | 1 | 0 |
> | 0000000000000000 | 1111111111111111 | 0 | 0 | 1 | 1 | 1 | 1 | 0000000000000000 | 1 | 0 |
12,15c12,15
< | 0000000000000000 | 1111111111111111 | 1 | 1 | 0 | 1 | 1 | 1 | 0000000000000000 | 0 | 0 |
< | 0000000000000000 | 1111111111111111 | 0 | 0 | 1 | 1 | 1 | 0 | 1111111111111111 | 0 | 0 |
< | 0000000000000000 | 1111111111111111 | 1 | 1 | 0 | 0 | 1 | 0 | 1111111111111110 | 0 | 0 |
< | 0000000000000000 | 1111111111111111 | 0 | 0 | 0 | 0 | 1 | 0 | 1111111111111111 | 0 | 0 |
---
> | 0000000000000000 | 1111111111111111 | 1 | 1 | 0 | 1 | 1 | 1 | 0000000000000000 | 1 | 0 |
> | 0000000000000000 | 1111111111111111 | 0 | 0 | 1 | 1 | 1 | 0 | 1111111111111111 | 0 | 1 |
> | 0000000000000000 | 1111111111111111 | 1 | 1 | 0 | 0 | 1 | 0 | 1111111111111110 | 0 | 1 |
> | 0000000000000000 | 1111111111111111 | 0 | 0 | 0 | 0 | 1 | 0 | 1111111111111111 | 0 | 1 |
17,20c17,20
< | 0000000000000000 | 1111111111111111 | 0 | 0 | 0 | 1 | 1 | 1 | 1111111111111111 | 0 | 0 |
< | 0000000000000000 | 1111111111111111 | 0 | 0 | 0 | 0 | 0 | 0 | 0000000000000000 | 0 | 0 |
< | 0000000000000000 | 1111111111111111 | 0 | 1 | 0 | 1 | 0 | 1 | 1111111111111111 | 0 | 0 |
< | 0000000000010001 | 0000000000000011 | 1 | 0 | 1 | 0 | 1 | 0 | 0000000000000000 | 0 | 0 |
---
> | 0000000000000000 | 1111111111111111 | 0 | 0 | 0 | 1 | 1 | 1 | 1111111111111111 | 0 | 1 |
> | 0000000000000000 | 1111111111111111 | 0 | 0 | 0 | 0 | 0 | 0 | 0000000000000000 | 1 | 0 |
> | 0000000000000000 | 1111111111111111 | 0 | 1 | 0 | 1 | 0 | 1 | 1111111111111111 | 0 | 1 |
> | 0000000000010001 | 0000000000000011 | 1 | 0 | 1 | 0 | 1 | 0 | 0000000000000000 | 1 | 0 |
22c22
< | 0000000000010001 | 0000000000000011 | 1 | 1 | 1 | 0 | 1 | 0 | 1111111111111111 | 0 | 0 |
---
> | 0000000000010001 | 0000000000000011 | 1 | 1 | 1 | 0 | 1 | 0 | 1111111111111111 | 0 | 1 |
25,28c25,28
< | 0000000000010001 | 0000000000000011 | 0 | 0 | 1 | 1 | 0 | 1 | 1111111111101110 | 0 | 0 |
< | 0000000000010001 | 0000000000000011 | 1 | 1 | 0 | 0 | 0 | 1 | 1111111111111100 | 0 | 0 |
< | 0000000000010001 | 0000000000000011 | 0 | 0 | 1 | 1 | 1 | 1 | 1111111111101111 | 0 | 0 |
< | 0000000000010001 | 0000000000000011 | 1 | 1 | 0 | 0 | 1 | 1 | 1111111111111101 | 0 | 0 |
---
> | 0000000000010001 | 0000000000000011 | 0 | 0 | 1 | 1 | 0 | 1 | 1111111111101110 | 0 | 1 |
> | 0000000000010001 | 0000000000000011 | 1 | 1 | 0 | 0 | 0 | 1 | 1111111111111100 | 0 | 1 |
> | 0000000000010001 | 0000000000000011 | 0 | 0 | 1 | 1 | 1 | 1 | 1111111111101111 | 0 | 1 |
> | 0000000000010001 | 0000000000000011 | 1 | 1 | 0 | 0 | 1 | 1 | 1111111111111101 | 0 | 1 |
35c35
< | 0000000000010001 | 0000000000000011 | 0 | 0 | 0 | 1 | 1 | 1 | 1111111111110010 | 0 | 0 |
---
> | 0000000000010001 | 0000000000000011 | 0 | 0 | 0 | 1 | 1 | 1 | 1111111111110010 | 0 | 1 |
